4294967294,30
4294967294,1053
4294967294,1052
4294967294,1050
4294967294,1049
4294967294,1044
4294967294,1033
4294967294,1030
4294967294,1028
4294967294,1027
4294967294,1026
4294967294,939
4294967294,60
4294967294,969
4294967294,961
4294967294,912
4294967294,906
4294967294,902
4294967294,182
4294967294,161
4294967278,543
4294967279,364
4294967278,268
4294967278,340
4294967294,1467
4294967278,260
4294967279,396
4294967278,367
4294967279,429
4294967278,139
4294967278,512
4294967279,273
4294967279,134
4402,4
4402,3
4402,2
4402,1
4294967278,336
4294967279,133
4294967279,294
4294967278,364
4294967279,293
4294967278,282
4294967279,374
4294967278,258
4294967278,345
4294967279,255
4294967279,349
4294967278,527
4294967279,344
4294967278,383
4294967294,914
4294967294,163
4294967294,963
4294967279,292
4294967278,372
4294967278,249
4294967278,288
4294967279,247
4294967279,244
4294967279,241
4400,4
4400,3
4400,2
4400,1
4294967279,291
4294967294,1945
4294967279,290
4294967278,230
4294967279,223
4399,4
4399,3
4399,2
4399,1
4294967278,224
4294967279,221
4294967278,220
4294967279,219
4294967279,217
4294967294,409
4294967294,946
4294967294,183
4294967294,398
4294967294,1939
4294967294,1941
4294967279,215
4294967278,214
4294967279,325
4294967278,213
4294967279,213
4294967278,376
4294967279,200
4294967278,269
4294967279,196
4294967278,197
4294967279,222
4294967278,196
4394,6
4294967278,514
4294967278,545
4394,5
4294967278,192
4394,4
4394,3
4394,2
4394,1
4294967294,46
4294967279,323
4393,5
4294967279,289
4294967279,182
4393,4
4393,3
4393,2
4393,1
4294967279,288
4294967278,177
4294967279,177
4294967278,176
4294967279,176
4391,4
4391,3
4391,2
4391,1
4294967279,286
4294967278,319
4294967278,233
4294967279,163
4294967279,276
4294967278,231
4294967278,318
4294967278,317
4294967278,293
4294967279,285
4294967278,314
4294967279,378
4390,4
4390,3
4390,2
4390,1
4294967278,370
4294967278,337
4294967278,134
4294967278,133
4294967278,343
4294967278,279
4294967278,516
4294967278,286
4294967278,0
4294967279,408
4294967279,437
4294967279,245
4294967279,250
4294967279,234
4294967279,431
4294967278,320
4294967279,262
4294967279,287
4294967279,259
4294967279,274
4294967294,1943
4294967279,428
4294967278,341
4294967278,344
4294967278,356
4294967279,329
4294967278,557
4388,4
4388,3
4388,2
4388,1
4294967279,283
4294967294,396
4294967294,1421
4294967294,399
4294967294,186
4294967294,1411
4294967294,1500
4294967294,178
4294967294,385
4294967294,444
4294967294,167
4294967294,415
4294967294,783
4294967294,1920
4294967294,118
4294967279,339
4387,4
4387,3
4387,2
4387,1
4294967294,772
4294967294,898
4294967294,173
4294967294,421
4294967294,190
4294967294,910
4294967294,896
4294967279,235
4294967278,234
4294967279,231
4294967279,229
4294967278,228
4294967279,137
4294967278,312
4294967278,351
4294967279,318
4294967278,311
4294967278,271
4382,6
4294967294,1489
4294967278,329
4382,5
4382,4
4382,3
4382,2
4382,1
4294967278,573
4294967279,347
4381,5
4294967279,189
4381,4
4381,3
4381,2
4381,1
4294967279,184
4294967278,183
4294967278,182
4294967278,181
4379,4
4379,3
4379,2
4379,1
4294967279,282
4294967279,178
4294967279,434
4294967279,320
4294967278,294
4294967278,164
4294967294,2
4294967278,563
4294967279,397
4294967278,313
4294967279,436
4294967279,415
4294967279,152
4294967278,149
4378,4
4378,3
4378,2
4378,1
4294967278,339
4294967294,22
4294967294,17
4294967294,99
4294967294,93
4294967294,94
4294967294,95
4294967294,96
4294967294,0
4294967294,6
4294967294,9
4294967294,107
4294967294,67
4294967294,42
0,5
4294967294,1938
4294967294,109
4294967294,90
4294967294,86
4294967294,84
4294967294,780
4294967294,1131
4294967294,1502
4294967294,1946
4294967294,29
4294967294,422
4294967294,28
4294967294,1493
4294967294,27
4294967294,25
4294967294,26
4294967294,53
4294967294,45
4294967294,44
4294967278,368
4294967279,281
4294967278,283
4294967293,131
4294967293,130
4294967293,129
4294967293,128
4294967293,127
4294967293,126
4294967293,125
4294967293,124
4294967293,123
4294967293,122
4294967293,121
4294967293,120
4294967293,119
4294967293,118
4294967293,117
4294967293,116
4294967293,115
4294967293,114
4294967293,113
4294967293,112
4294967293,111
4294967293,110
4294967293,109
4294967293,108
4294967293,107
4294967293,106
4294967293,105
4294967293,104
4294967293,103
4294967293,102
4294967293,101
4294967293,100
4294967293,99
4294967293,98
4294967293,97
4294967293,96
4294967293,95
4294967293,94
4294967293,93
4294967293,92
4294967293,91
4294967293,90
4294967293,89
4294967293,87
4294967293,86
4294967293,85
4294967293,84
4294967293,83
4294967293,82
4294967293,81
4294967293,80
4294967293,79
4294967293,78
4294967293,77
4294967293,76
4294967293,75
4294967293,74
4294967293,73
4294967293,72
4294967293,71
4294967293,70
4294967293,69
4294967293,68
4294967293,67
4294967293,66
4294967293,65
4294967293,64
4294967293,63
4294967293,62
4294967293,61
4294967293,60
4294967293,59
4294967293,58
4294967293,57
4294967293,56
4294967293,55
4294967293,54
4294967293,53
4294967293,52
4294967293,51
4294967293,50
4294967293,49
4294967293,48
4294967293,47
4294967293,46
4294967293,45
4294967293,44
4294967293,43
4294967293,42
4294967293,41
4294967293,40
4294967293,39
4294967293,38
4294967293,37
4294967293,36
4294967293,35
4294967293,34
4294967293,33
4294967293,32
4294967293,31
4294967293,30
4294967293,29
4294967293,28
4294967293,27
4294967293,26
4294967293,25
4294967293,24
4294967293,23
4294967293,22
4294967293,21
4294967293,20
4294967293,19
4294967293,18
4294967293,17
4294967293,16
4294967293,15
4294967293,14
4294967293,13
4294967293,12
4294967293,11
4294967293,10
4294967293,9
4294967293,8
4294967293,7
4294967293,6
4294967293,5
4294967293,4
4294967293,3
4294967278,52
4294967278,50
4294967278,49
4294967278,48
4294967278,47
4294967278,46
4294967278,45
4294967278,44
4294967278,43
4294967278,42
4294967278,41
4294967278,40
4294967278,39
4294967278,38
4294967278,37
4294967278,36
4294967278,35
4294967278,34
4294967278,33
4294967278,32
4294967278,31
4294967278,30
4294967278,29
4294967278,28
4294967278,27
4294967278,26
4294967278,25
4294967278,24
4294967278,23
4294967278,22
4294967278,21
4294967278,20
4294967278,19
4294967278,18
4294967278,17
4294967278,16
4294967278,15
4294967278,14
